,0,1,2,3,4,5,6,7,8,9,10,11,12,13,14,15,16,17,18,19,20,21,22,23,24,25,26,27,28,29,30,31,32,33,34,35,36,37,38,39,40,41,42,43,44,45,46,47,48,49,50,51,52,53,54,55,56,57,58,59,60,61,62,63,64,65,66,67,68,69,70,71,72,73,74,75,76,77,78,79,80,81,82,83,84,85,86,87,88,89,90,91,92,93,94,95,96,97,98,99,100,101,102,103,104,105,106,107,108,109,110,111,112,113,114,115,116,117,118,119,120,121,122,123,124,125,126,127,128,129,130,131,132,133,134,135,136,137,138,139,140,141,142,143,144,145,146,147,148,149,150,151,152,153,154,155,156,157,158,159,160,161,162,163,164,165,166,167,168,169,170,171,172,173,174,175,176,177,178,179,180,181,182,183,184,185,186,187,188,189,190,191,192,193,194,195,196,197,198,199,200,201,202,203,204,205,206,207,208,209,210,211,212,213,214,215,216,217,218,219,220,221,222,223,224,225,226,227,228,229,230,231,232,233,234,235,236,237,238,239,240,241,242,243,244,245,246,247,248,249,250,251,252,253,254,255,256,257,258,259,260,261,262,263,264,265,266,267,268,269,270,271,272,273,274,275,276,277,278,279,280,281,282,283,284,285,286,287,288,289,290,291,292,293,294,295,296,297,298,299,300,301,302,303,304,305,306,307,308,309,310,311,312,313,314,315,316,317,318,319,320,321,322,323,324,325,326,327,328,329,330,331,332,333,334,335,336,337,338,339,340,341,342,343,344,345,346,347,348,349,350,351,352,353,354,355,356,357,358,359,360,361,362,363,364,365,366,367,368,369,370,371,372,373,374,375,376,377,378,379,380,381,382,383,384,385,386,387,388,389,390,391,392,393,394,395,396,397,398,399,400,401,402,403,404,405,406,407,408,409,410,411,412,413,414,415,416,417,418,419,420,421,422,423,424,425,426,427,428,429,430,431,432,433,434,435,436,437,438,439,440,441,442,443,444,445,446,447,448,449,450,451,452,453,454,455,456,457,458,459,460,461,462,463,464,465,466,467,468,469,470,471,472,473,474,475,476,477,478,479,480,481,482,483,484,485,486,487,488,489,490,491,492,493,494,495,496,497,498,499,500,501,502,503,504,505,506,507,508,509,510,511,512,513,514,515,516,517,518,519,520,521,522,523,524,525,526,527,528,529,530,531,532,533,534,535,536,537,538,539,540,541,542,543,544,545,546,547,548,549,550,551,552,553,554,555,556,557,558,559,560,561,562,563,564,565,566,567,568,569,570,571,572,573,574,575,576,577,578,579,580,581,582,583,584,585,586,587,588,589,590,591,592,593,594,595,596,597,598,599,600,601,602,603,604,605,606,607,608,609,610,611,612,613,614,615,616,617,618,619,620,621,622,623,624,625,626,627,628,629,630,631,632,633,634,635,636,637,638,639,640,641,642,643,644,645,646,647,648,649,650,651,652,653,654,655,656,657,658,659,660,661,662,663,664,665,666,667,668,669,670,671,672,673,674,675,676,677,678,679,680,681,682,683,684,685,686,687,688,689,690,691,692,693,694,695,696,697,698,699,700,701,702,703,704,705,706,707,708,709,710,711,712,713,714,715,716,717,718,719,720,721,722,723,724,725,726,727,728,729,730,731,732,733,734,735,736,737,738,739,740,741,742,743,744,745,746,747,748,749,750,751,752,753,754,755,756,757,758,759,760,761,762,763,764,765,766,767,768,769,770,771,772,773,774,775,776,777,778,779,780,781,782,783,784,785,786,787,788,789,790,791,792,793,794,795,796,797,798,799,800,801,802,803,804,805,806,807,808,809,810,811,812,813,814,815,816,817,818,819,820,821,822,823,824,825,826,827,828,829,830,831,832,833,834,835,836,837,838,839,840,841,842,843,844,845,846,847,848,849,850,851,852,853,854,855,856,857,858,859,860,861,862,863,864,865,866,867,868,869,870,871,872,873,874,875,876,877,878,879,880,881,882,883,884,885,886,887,888,889,890,891,892,893,894,895,896,897,898,899,900,901,902,903,904,905,906,907,908,909,910,911,912,913,914,915,916,917,918,919,920,921,922,923,924,925,926,927,928,929,930,931,932,933,934,935,936,937,938,939,940,941,942,943,944,945,946,947,948,949,950,951,952,953,954,955,956,957,958,959,960,961,962,963,964,965,966,967,968,969,970,971,972,973,974,975,976,977,978,979,980,981,982,983,984,985,986,987,988,989,990,991,992,993,994,995,996,997,998,999
0,1.9034700816374025e-06,5.710410244912207e-06,9.517350408187012e-06,1.3324290571461816e-05,1.713123073473662e-05,2.093817089801143e-05,2.474511106128623e-05,2.8552051224561038e-05,3.235899138783584e-05,3.616593155111064e-05,3.997287171438545e-05,4.3779811877660257e-05,4.758675204093506e-05,5.139369220420986e-05,5.520063236748467e-05,5.9007572530759475e-05,6.281451269403428e-05,6.662145285730908e-05,7.042839302058388e-05,7.42353331838587e-05,7.80422733471335e-05,8.18492135104083e-05,8.565615367368311e-05,8.946309383695792e-05,9.327003400023272e-05,9.707697416350751e-05,0.00010088391432678233,0.00010469085449005714,0.00010849779465333194,0.00011230473481660673,0.00011611167497988156,0.00011991861514315636,0.00012372555530643117,0.00012753249546970595,0.00013133943563298076,0.00013514637579625557,0.00013895331595953036,0.0001427602561228052,0.00014656719628607998,0.0001503741364493548,0.0001541810766126296,0.0001579880167759044,0.0001617949569391792,0.000165601897102454,0.00016940883726572882,0.00017321577742900363,0.00017702271759227842,0.00018082965775555323,0.00018463659791882804,0.00018844353808210283,0.00019225047824537764,0.00019605741840865245,0.00019986435857192723,0.00020367129873520207,0.00020747823889847686,0.00021128517906175167,0.00021509211922502648,0.00021889905938830126,0.00022270599955157607,0.00022651293971485089,0.0002303198798781257,0.0002341268200414005,0.00023793376020467532,0.0002417407003679501,0.0002455476405312249,0.0002493545806944997,0.0002531615208577745,0.0002569684610210493,0.00026077540118432413,0.0002645823413475989,0.0002683892815108737,0.00027219622167414854,0.0002760031618374233,0.00027981010200069816,0.000283617042163973,0.0002874239823272478,0.00029123092249052257,0.0002950378626537974,0.0002988448028170722,0.000302651742980347,0.00030645868314362176,0.0003102656233068966,0.0003140725634701714,0.00031787950363344617,0.000321686443796721,0.0003254933839599958,0.0003293003241232706,0.0003331072642865454,0.00033691420444982025,0.00034072114461309504,0.0003445280847763699,0.00034833502493964466,0.00035214196510291944,0.0003559489052661943,0.00035975584542946907,0.00036356278559274385,0.0003673697257560187,0.0003711766659192935,0.00037498360608256826,0.0003787905462458431,0.0003825974864091179,0.00038640442657239267,0.00039021136673566745,0.0003940183068989423,0.0003978252470622171,0.0004016321872254919,0.00040543912738876675,0.00040924606755204153,0.0004130530077153163,0.00041685994787859116,0.00042066688804186594,0.0004244738282051407,0.00042828076836841556,0.00043208770853169035,0.00043589464869496513,0.00043970158885823997,0.00044350852902151476,0.00044731546918478954,0.0004511224093480644,0.0004549293495113392,0.000458736289674614,0.0004625432298378888,0.0004663501700011636,0.0004701571101644384,0.0004739640503277132,0.00047777099049098803,0.0004815779306542628,0.0004853848708175376,0.0004891918109808124,0.0004929987511440873,0.0004968056913073621,0.0005006126314706368,0.0005044195716339116,0.0005082265117971864,0.0005120334519604612,0.000515840392123736,0.0005196473322870109,0.0005234542724502857,0.0005272612126135604,0.0005310681527768352,0.00053487509294011,0.0005386820331033848,0.0005424889732666597,0.0005462959134299345,0.0005501028535932093,0.0005539097937564842,0.0005577167339197589,0.0005615236740830337,0.0005653306142463085,0.0005691375544095834,0.0005729444945728582,0.000576751434736133,0.0005805583748994077,0.0005843653150626825,0.0005881722552259573,0.0005919791953892322,0.000595786135552507,0.0005995930757157818,0.0006034000158790566,0.0006072069560423313,0.0006110138962056061,0.000614820836368881,0.0006186277765321558,0.0006224347166954306,0.0006262416568587054,0.0006300485970219802,0.000633855537185255,0.0006376624773485298,0.0006414694175118046,0.0006452763576750794,0.0006490832978383542,0.000652890238001629,0.0006566971781649038,0.0006605041183281785,0.0006643110584914534,0.0006681179986547282,0.0006719249388180031,0.0006757318789812779,0.0006795388191445527,0.0006833457593078275,0.0006871526994711024,0.0006909596396343771,0.0006947665797976519,0.0006985735199609267,0.0007023804601242015,0.0007061874002874763,0.0007099943404507512,0.000713801280614026,0.0007176082207773007,0.0007214151609405755,0.0007252221011038503,0.0007290290412671251,0.0007328359814303999,0.0007366429215936748,0.0007404498617569496,0.0007442568019202243,0.0007480637420834991,0.0007518706822467739,0.0007556776224100487,0.0007594845625733236,0.0007632915027365984,0.0007670984428998732,0.0007709053830631479,0.0007747123232264227,0.0007785192633896975,0.0007823262035529724,0.0007861331437162472,0.000789940083879522,0.0007937470240427968,0.0007975539642060716,0.0008013609043693464,0.0008051678445326212,0.0008089747846958961,0.0008127817248591709,0.0008165886650224457,0.0008203956051857205,0.0008242025453489952,0.00082800948551227,0.0008318164256755449,0.0008356233658388197,0.0008394303060020945,0.0008432372461653693,0.0008470441863286441,0.0008508511264919188,0.0008546580666551937,0.0008584650068184685,0.0008622719469817433,0.0008660788871450181,0.0008698858273082929,0.0008736927674715677,0.0008774997076348424,0.0008813066477981173,0.0008851135879613921,0.0008889205281246669,0.0008927274682879417,0.0008965344084512165,0.0009003413486144913,0.0009041482887777661,0.0009079552289410409,0.0009117621691043158,0.0009155691092675906,0.0009193760494308654,0.0009231829895941402,0.0009269899297574151,0.0009307968699206899,0.0009346038100839646,0.0009384107502472394,0.0009422176904105142,0.000946024630573789,0.0009498315707370638,0.0009536385109003387,0.0009574454510636135,0.0009612523912268882,0.000965059331390163,0.0009688662715534378,0.0009726732117167126,0.0009764801518799875,0.0009802870920432622,0.000984094032206537,0.000987900972369812,0.0009917079125330867,0.0009955148526963615,0.0009993217928596363,0.001003128733022911,0.0010069356731861859,0.0010107426133494607,0.0010145495535127354,0.0010183564936760102,0.001022163433839285,0.0010259703740025598,0.0010297773141658346,0.0010335842543291096,0.0010373911944923844,0.0010411981346556591,0.001045005074818934,0.0010488120149822087,0.0010526189551454835,0.0010564258953087583,0.001060232835472033,0.0010640397756353078,0.0010678467157985826,0.0010716536559618574,0.0010754605961251322,0.001079267536288407,0.001083074476451682,0.0010868814166149568,0.0010906883567782316,0.0010944952969415063,0.0010983022371047811,0.0011021091772680561,0.001105916117431331,0.0011097230575946057,0.0011135299977578805,0.0011173369379211553,0.00112114387808443,0.0011249508182477048,0.0011287577584109796,0.0011325646985742546,0.0011363716387375294,0.0011401785789008042,0.001143985519064079,0.0011477924592273538,0.0011515993993906285,0.0011554063395539033,0.001159213279717178,0.0011630202198804529,0.0011668271600437277,0.0011706341002070025,0.0011744410403702772,0.001178247980533552,0.001182054920696827,0.0011858618608601018,0.0011896688010233766,0.0011934757411866514,0.0011972826813499262,0.001201089621513201,0.0012048965616764757,0.0012087035018397505,0.0012125104420030253,0.0012163173821663,0.0012201243223295749,0.0012239312624928497,0.0012277382026561247,0.0012315451428193994,0.0012353520829826742,0.001239159023145949,0.0012429659633092238,0.0012467729034724986,0.0012505798436357734,0.0012543867837990481,0.001258193723962323,0.0012620006641255977,0.0012658076042888725,0.0012696145444521473,0.001273421484615422,0.001277228424778697,0.0012810353649419719,0.0012848423051052466,0.0012886492452685214,0.0012924561854317962,0.001296263125595071,0.0013000700657583458,0.0013038770059216206,0.0013076839460848953,0.0013114908862481701,0.001315297826411445,0.0013191047665747197,0.0013229117067379947,0.0013267186469012695,0.0013305255870645443,0.001334332527227819,0.0013381394673910938,0.0013419464075543688,0.0013457533477176436,0.0013495602878809184,0.0013533672280441932,0.001357174168207468,0.0013609811083707428,0.0013647880485340175,0.0013685949886972923,0.0013724019288605673,0.0013762088690238421,0.001380015809187117,0.0013838227493503917,0.0013876296895136665,0.0013914366296769412,0.001395243569840216,0.0013990505100034908,0.0014028574501667656,0.0014066643903300404,0.0014104713304933152,0.00141427827065659,0.0014180852108198647,0.0014218921509831397,0.0014256990911464145,0.0014295060313096893,0.001433312971472964,0.0014371199116362389,0.0014409268517995137,0.0014447337919627884,0.0014485407321260632,0.001452347672289338,0.0014561546124526128,0.0014599615526158876,0.0014637684927791624,0.0014675754329424374,0.0014713823731057122,0.001475189313268987,0.0014789962534322617,0.0014828031935955365,0.0014866101337588113,0.001490417073922086,0.0014942240140853609,0.0014980309542486356,0.0015018378944119104,0.0015056448345751852,0.00150945177473846,0.0015132587149017348,0.0015170656550650098,0.0015208725952282846,0.0015246795353915593,0.0015284864755548341,0.001532293415718109,0.0015361003558813837,0.0015399072960446585,0.0015437142362079333,0.001547521176371208,0.0015513281165344828,0.0015551350566977576,0.0015589419968610324,0.0015627489370243074,0.0015665558771875822,0.001570362817350857,0.0015741697575141318,0.0015779766976774065,0.0015817836378406813,0.0015855905780039561,0.0015893975181672311,0.001593204458330506,0.0015970113984937807,0.0016008183386570555,0.0016046252788203303,0.001608432218983605,0.0016122391591468798,0.0016160460993101548,0.0016198530394734296,0.0016236599796367044,0.0016274669197999792,0.001631273859963254,0.0016350808001265287,0.0016388877402898035,0.0016426946804530783,0.001646501620616353,0.0016503085607796279,0.0016541155009429027,0.0016579224411061775,0.0016617293812694525,0.0016655363214327272,0.001669343261596002,0.0016731502017592768,0.0016769571419225516,0.0016807640820858264,0.0016845710222491012,0.001688377962412376,0.0016921849025756507,0.0016959918427389255,0.0016997987829022003,0.001703605723065475,0.0017074126632287499,0.0017112196033920249,0.0017150265435552996,0.0017188334837185744,0.0017226404238818492,0.001726447364045124,0.0017302543042083988,0.0017340612443716736,0.0017378681845349484,0.0017416751246982231,0.001745482064861498,0.0017492890050247727,0.0017530959451880475,0.0017569028853513225,0.0017607098255145973,0.001764516765677872,0.0017683237058411468,0.0017721306460044216,0.0017759375861676964,0.0017797445263309712,0.001783551466494246,0.0017873584066575208,0.0017911653468207956,0.0017949722869840703,0.0017987792271473451,0.0018025861673106201,0.001806393107473895,0.0018102000476371697,0.0018140069878004445,0.0018178139279637193,0.0018216208681269945,0.0018254278082902693,0.001829234748453544,0.0018330416886168188,0.0018368486287800936,0.0018406555689433684,0.0018444625091066432,0.001848269449269918,0.0018520763894331928,0.0018558833295964675,0.0018596902697597425,0.0018634972099230173,0.001867304150086292,0.0018711110902495669,0.0018749180304128417,0.0018787249705761165,0.0018825319107393912,0.001886338850902666,0.0018901457910659408,0.0018939527312292156,0.0018977596713924904,0.0019015666115557652,0.0019053735517190402,0.001909180491882315,0.0019129874320455897,0.0019167943722088645,0.0019206013123721393,0.001924408252535414,0.0019282151926986889,0.0019320221328619637,0.0019358290730252384,0.0019396360131885132,0.001943442953351788,0.0019472498935150628,0.0019510568336783376,0.0019548637738416126,0.0019586707140048874,0.001962477654168162,0.001966284594331437,0.0019700915344947117,0.0019738984746579865,0.0019777054148212613,0.001981512354984536,0.001985319295147811,0.0019891262353110856,0.0019929331754743604,0.001996740115637635,0.00200054705580091,0.0020043539959641848,0.0020081609361274596,0.0020119678762907343,0.002015774816454009,0.002019581756617284,0.002023388696780559,0.002027195636943834,0.0020310025771071087,0.0020348095172703835,0.0020386164574336583,0.002042423397596933,0.002046230337760208,0.0020500372779234826,0.0020538442180867574,0.002057651158250032,0.002061458098413307,0.0020652650385765818,0.0020690719787398565,0.0020728789189031313,0.002076685859066406,0.002080492799229681,0.0020842997393929557,0.0020881066795562305,0.0020919136197195052,0.00209572055988278,0.002099527500046055,0.0021033344402093296,0.0021071413803726044,0.002110948320535879,0.002114755260699154,0.002118562200862429,0.002122369141025704,0.0021261760811889787,0.0021299830213522535,0.0021337899615155283,0.002137596901678803,0.002141403841842078,0.0021452107820053527,0.0021490177221686274,0.0021528246623319022,0.002156631602495177,0.002160438542658452,0.0021642454828217266,0.0021680524229850014,0.002171859363148276,0.002175666303311551,0.0021794732434748257,0.0021832801836381005,0.0021870871238013753,0.00219089406396465,0.002194701004127925,0.0021985079442912,0.002202314884454475,0.0022061218246177496,0.0022099287647810244,0.002213735704944299,0.002217542645107574,0.002221349585270849,0.002225156525434124,0.0022289634655973988,0.0022327704057606736,0.0022365773459239483,0.002240384286087223,0.002244191226250498,0.0022479981664137727,0.0022518051065770475,0.0022556120467403223,0.002259418986903597,0.002263225927066872,0.0022670328672301466,0.0022708398073934214,0.002274646747556696,0.002278453687719971,0.0022822606278832458,0.0022860675680465205,0.0022898745082097953,0.00229368144837307,0.002297488388536345,0.0023012953286996197,0.0023051022688628945,0.0023089092090261693,0.002312716149189444,0.0023165230893527193,0.002320330029515994,0.002324136969679269,0.0023279439098425436,0.0023317508500058184,0.002335557790169093,0.002339364730332368,0.0023431716704956427,0.0023469786106589175,0.0023507855508221923,0.002354592490985467,0.002358399431148742,0.0023622063713120167,0.0023660133114752914,0.0023698202516385662,0.002373627191801841,0.002377434131965116,0.0023812410721283906,0.0023850480122916654,0.00238885495245494,0.002392661892618215,0.0023964688327814897,0.0024002757729447645,0.0024040827131080393,0.002407889653271314,0.0024116965934345893,0.002415503533597864,0.002419310473761139,0.0024231174139244136,0.0024269243540876884,0.002430731294250963,0.002434538234414238,0.002438345174577513,0.0024421521147407876,0.0024459590549040624,0.002449765995067337,0.002453572935230612,0.0024573798753938867,0.0024611868155571615,0.0024649937557204363,0.002468800695883711,0.002472607636046986,0.0024764145762102606,0.0024802215163735354,0.00248402845653681,0.002487835396700085,0.0024916423368633598,0.0024954492770266345,0.0024992562171899093,0.002503063157353184,0.0025068700975164593,0.002510677037679734,0.002514483977843009,0.0025182909180062837,0.0025220978581695585,0.0025259047983328333,0.002529711738496108,0.002533518678659383,0.0025373256188226576,0.0025411325589859324,0.002544939499149207,0.002548746439312482,0.0025525533794757567,0.0025563603196390315,0.0025601672598023063,0.002563974199965581,0.002567781140128856,0.0025715880802921307,0.0025753950204554055,0.0025792019606186802,0.002583008900781955,0.00258681584094523,0.0025906227811085046,0.0025944297212717794,0.002598236661435054,0.0026020436015983294,0.002605850541761604,0.002609657481924879,0.0026134644220881537,0.0026172713622514285,0.0026210783024147033,0.002624885242577978,0.002628692182741253,0.0026324991229045277,0.0026363060630678024,0.0026401130032310772,0.002643919943394352,0.002647726883557627,0.0026515338237209016,0.0026553407638841764,0.002659147704047451,0.002662954644210726,0.0026667615843740007,0.0026705685245372755,0.0026743754647005503,0.002678182404863825,0.0026819893450271003,0.002685796285190375,0.00268960322535365,0.0026934101655169246,0.0026972171056801994,0.0027010240458434746,0.0027048309860067494,0.002708637926170024,0.002712444866333299,0.0027162518064965738,0.0027200587466598486,0.0027238656868231233,0.002727672626986398,0.002731479567149673,0.0027352865073129477,0.0027390934474762225,0.0027429003876394973,0.002746707327802772,0.002750514267966047,0.0027543212081293216,0.0027581281482925964,0.002761935088455871,0.002765742028619146,0.0027695489687824208,0.0027733559089456955,0.0027771628491089703,0.002780969789272245,0.00278477672943552,0.0027885836695987947,0.0027923906097620695,0.0027961975499253447,0.0028000044900886195,0.0028038114302518942,0.002807618370415169,0.002811425310578444,0.0028152322507417186,0.0028190391909049934,0.002822846131068268,0.002826653071231543,0.0028304600113948177,0.0028342669515580925,0.0028380738917213673,0.002841880831884642,0.002845687772047917,0.0028494947122111917,0.0028533016523744664,0.0028571085925377412,0.002860915532701016,0.002864722472864291,0.0028685294130275656,0.0028723363531908404,0.002876143293354115,0.00287995023351739,0.0028837571736806647,0.0028875641138439395,0.0028913710540072147,0.0028951779941704895,0.0028989849343337643,0.002902791874497039,0.002906598814660314,0.0029104057548235886,0.0029142126949868634,0.002918019635150138,0.002921826575313413,0.0029256335154766878,0.0029294404556399626,0.0029332473958032373,0.002937054335966512,0.002940861276129787,0.0029446682162930617,0.0029484751564563365,0.0029522820966196113,0.002956089036782886,0.002959895976946161,0.0029637029171094356,0.0029675098572727104,0.002971316797435985,0.00297512373759926,0.0029789306777625348,0.0029827376179258095,0.0029865445580890848,0.0029903514982523595,0.0029941584384156343,0.002997965378578909,0.003001772318742184,0.0030055792589054587,0.0030093861990687335,0.0030131931392320082,0.003017000079395283,0.003020807019558558,0.0030246139597218326,0.0030284208998851074,0.003032227840048382,0.003036034780211657,0.0030398417203749317,0.0030436486605382065,0.0030474556007014813,0.003051262540864756,0.003055069481028031,0.0030588764211913057,0.0030626833613545804,0.0030664903015178552,0.00307029724168113,0.003074104181844405,0.0030779111220076796,0.003081718062170955,0.0030855250023342296,0.0030893319424975044,0.003093138882660779,0.003096945822824054,0.0031007527629873287,0.0031045597031506035,0.0031083666433138783,0.003112173583477153,0.003115980523640428,0.0031197874638037026,0.0031235944039669774,0.003127401344130252,0.003131208284293527,0.0031350152244568018,0.0031388221646200766,0.0031426291047833513,0.003146436044946626,0.003150242985109901,0.0031540499252731757,0.0031578568654364505,0.0031616638055997253,0.003165470745763,0.003169277685926275,0.00317308462608955,0.003176891566252825,0.0031806985064160996,0.003184505446579375,0.0031883123867426496,0.0031921193269059244,0.003195926267069199,0.003199733207232474,0.0032035401473957488,0.0032073470875590235,0.0032111540277222983,0.003214960967885573,0.003218767908048848,0.0032225748482121227,0.0032263817883753975,0.0032301887285386723,0.003233995668701947,0.003237802608865222,0.0032416095490284966,0.0032454164891917714,0.003249223429355046,0.003253030369518321,0.0032568373096815957,0.0032606442498448705,0.0032644511900081453,0.00326825813017142,0.003272065070334695,0.0032758720104979697,0.003279678950661245,0.0032834858908245197,0.0032872928309877945,0.0032910997711510692,0.003294906711314344,0.003298713651477619,0.0033025205916408936,0.0033063275318041684,0.003310134471967443,0.003313941412130718,0.0033177483522939927,0.0033215552924572675,0.0033253622326205423,0.003329169172783817,0.003332976112947092,0.0033367830531103666,0.0033405899932736414,0.0033443969334369162,0.003348203873600191,0.003352010813763466,0.0033558177539267406,0.0033596246940900154,0.00336343163425329,0.003367238574416565,0.0033710455145798397,0.003374852454743115,0.0033786593949063897,0.0033824663350696645,0.0033862732752329393,0.003390080215396214,0.003393887155559489,0.0033976940957227636,0.0034015010358860384,0.003405307976049313,0.003409114916212588,0.0034129218563758628,0.0034167287965391376,0.0034205357367024123,0.003424342676865687,0.003428149617028962,0.0034319565571922367,0.0034357634973555115,0.0034395704375187863,0.003443377377682061,0.003447184317845336,0.0034509912580086106,0.0034547981981718854,0.00345860513833516,0.003462412078498435,0.00346621901866171,0.003470025958824985,0.0034738328989882598,0.0034776398391515345,0.0034814467793148093,0.003485253719478084,0.003489060659641359,0.0034928675998046337,0.0034966745399679085,0.0035004814801311832,0.003504288420294458,0.003508095360457733,0.0035119023006210076,0.0035157092407842824,0.003519516180947557,0.003523323121110832,0.0035271300612741067,0.0035309370014373815,0.0035347439416006563,0.003538550881763931,0.003542357821927206,0.0035461647620904807,0.0035499717022537554,0.0035537786424170302,0.003557585582580305,0.0035613925227435802,0.003565199462906855,0.00356900640307013,0.0035728133432334046,0.0035766202833966794,0.003580427223559954,0.003584234163723229,0.0035880411038865037,0.0035918480440497785,0.0035956549842130533,0.003599461924376328,0.003603268864539603,0.0036070758047028776,0.0036108827448661524,0.003614689685029427,0.003618496625192702,0.0036223035653559768,0.0036261105055192516,0.0036299174456825263,0.003633724385845801,0.003637531326009076,0.003641338266172351,0.0036451452063356255,0.0036489521464989007,0.003652759086662175,0.0036565660268254503,0.003660372966988725,0.0036641799071520003,0.0036679868473152746,0.00367179378747855,0.003675600727641824,0.0036794076678050994,0.0036832146079683738,0.003687021548131649,0.0036908284882949233,0.0036946354284581985,0.003698442368621473,0.003702249308784748,0.0037060562489480225,0.0037098631891112977,0.003713670129274572,0.0037174770694378472,0.0037212840096011216,0.003725090949764397,0.003728897889927671,0.0037327048300909464,0.0037365117702542207,0.003740318710417496,0.0037441256505807703,0.0037479325907440455,0.0037517395309073203,0.003755546471070595,0.00375935341123387,0.003763160351397145,0.0037669672915604194,0.0037707742317236947,0.003774581171886969,0.0037783881120502442,0.0037821950522135186,0.003786001992376794,0.003789808932540068,0.0037936158727033434,0.0037974228128666177,0.003801229753029893,0.0038050366931931673
1,66.08491516113281,67.66303253173828,65.8234634399414,65.65345764160156,68.07868957519531,72.2789306640625,76.66287231445312,77.25074005126953,77.61642456054688,79.02509307861328,79.88084411621094,79.3857650756836,79.1256103515625,79.41246795654297,79.8514404296875,80.51375579833984,80.83763122558594,80.8045654296875,80.87139129638672,81.7123794555664,82.14275360107422,82.18252563476562,82.86998748779297,83.11961364746094,82.5860595703125,82.52616119384766,83.0645980834961,84.59224700927734,85.1172103881836,84.41716003417969,83.07279968261719,82.6322250366211,83.14176940917969,83.29086303710938,83.4041748046875,83.27519989013672,82.94335174560547,82.8045883178711,82.34898376464844,81.9366226196289,82.10248565673828,82.21453094482422,81.93147277832031,81.59811401367188,81.78828430175781,81.55061340332031,81.30816650390625,81.20999145507812,81.44775390625,81.7328872680664,82.15641021728516,81.88510131835938,81.64909362792969,81.87950897216797,82.50712585449219,82.30677032470703,82.11753845214844,82.17208099365234,82.28199005126953,82.4361572265625,82.57575988769531,82.97040557861328,83.30038452148438,83.51838684082031,83.85984802246094,83.52391815185547,83.66763305664062,84.06739044189453,84.33932495117188,84.7965316772461,84.92671203613281,84.62816619873047,84.91168975830078,85.60064697265625,86.0761947631836,86.14449310302734,86.27015686035156,86.53296661376953,87.02700805664062,87.46450805664062,87.76032257080078,87.74842834472656,87.7310562133789,87.94585418701172,88.52955627441406,89.1315689086914,89.52794647216797,89.9569091796875,90.28208923339844,91.42265319824219,92.26757049560547,92.70137023925781,93.34689331054688,94.146484375,95.11480712890625,96.12284851074219,97.20288848876953,97.92071533203125,98.33258819580078,99.48385620117188,101.09468078613281,102.05110931396484,102.91400909423828,103.78484344482422,104.87439727783203,106.22818756103516,107.21434020996094,107.89561462402344,108.73928833007812,110.04346466064453,111.39766693115234,112.08702087402344,112.3294448852539,112.97920227050781,114.18352508544922,115.49520111083984,116.29438781738281,117.16825866699219,117.93025970458984,118.2674789428711,119.26243591308594,120.35234069824219,121.3018569946289,122.23633575439453,122.79615783691406,123.74933624267578,124.64813232421875,125.1059799194336,125.46554565429688,125.9145278930664,126.98805236816406,127.85260009765625,128.3963623046875,128.947265625,129.53964233398438,130.31097412109375,131.00051879882812,131.3800811767578,132.13516235351562,132.68165588378906,133.16395568847656,133.84918212890625,134.31248474121094,134.58074951171875,134.93679809570312,135.4207305908203,135.95433044433594,136.51486206054688,136.81117248535156,137.10519409179688,137.40696716308594,137.6391143798828,138.04501342773438,138.37229919433594,138.5467529296875,138.80770874023438,139.36265563964844,139.435302734375,139.7106475830078,139.88308715820312,139.9510498046875,140.49391174316406,140.6753387451172,140.58786010742188,140.88543701171875,140.8497314453125,140.69924926757812,140.8607635498047,141.08970642089844,141.2244873046875,141.0546112060547,141.14376831054688,141.42462158203125,141.83599853515625,142.117431640625,142.71334838867188,143.88766479492188,147.73089599609375,163.4597625732422,199.42477416992188,194.8351287841797,181.62640380859375,180.4625244140625,180.88844299316406,183.649658203125,179.935302734375,160.24855041503906,148.27586364746094,146.42227172851562,148.19406127929688,149.8615264892578,149.28269958496094,148.37840270996094,148.337646484375,149.06985473632812,149.03976440429688,147.25888061523438,145.6768798828125,144.9449005126953,144.55958557128906,144.59458923339844,144.9334259033203,145.1376190185547,145.1317596435547,145.21287536621094,145.39361572265625,145.57522583007812,145.67344665527344,145.84300231933594,145.9542694091797,145.94207763671875,146.32257080078125,146.55645751953125,146.45481872558594,146.8170166015625,146.9575653076172,147.15040588378906,147.3212432861328,147.23980712890625,147.5541229248047,148.15475463867188,148.22596740722656,148.26141357421875,148.3915557861328,148.90341186523438,148.99693298339844,149.4948272705078,149.9954071044922,150.3475341796875,150.5757293701172,150.65451049804688,150.79537963867188,150.92208862304688,151.01882934570312,151.2427978515625,151.51255798339844,152.07949829101562,153.65676879882812,156.7168731689453,159.0076141357422,159.1669921875,159.4371795654297,161.52955627441406,167.54551696777344,185.8463897705078,230.378173828125,246.57940673828125,229.5368194580078,222.62774658203125,221.6883087158203,227.40985107421875,223.64227294921875,196.90234375,171.8849334716797,163.98072814941406,166.11241149902344,172.2789306640625,173.11961364746094,171.02565002441406,170.38330078125,171.53160095214844,173.0574951171875,171.4453582763672,167.82940673828125,166.59764099121094,172.1651153564453,186.35037231445312,193.498046875,189.7154998779297,187.1432342529297,187.97885131835938,190.7932586669922,192.021728515625,188.25038146972656,189.31466674804688,193.55538940429688,192.59288024902344,190.32693481445312,189.46987915039062,189.58091735839844,192.69947814941406,201.59564208984375,214.37693786621094,214.05642700195312,207.06396484375,207.51962280273438,218.9764862060547,258.71319580078125,313.7570495605469,299.4810791015625,269.9173889160156,264.2378234863281,269.7848815917969,280.21942138671875,269.86639404296875,233.233154296875,213.5850830078125,219.1768798828125,244.08047485351562,268.8706970214844,258.5027160644531,247.33807373046875,246.8014678955078,249.24513244628906,247.9805145263672,235.80029296875,214.6399688720703,200.4814910888672,195.40428161621094,194.42788696289062,194.5686798095703,194.73092651367188,194.94183349609375,195.32066345214844,195.5513153076172,195.62197875976562,195.9269561767578,196.11337280273438,196.26036071777344,196.72286987304688,197.63272094726562,201.22506713867188,211.57965087890625,219.92547607421875,216.19235229492188,213.6527099609375,213.77598571777344,215.40679931640625,216.29241943359375,211.83648681640625,205.23733520507812,201.9974365234375,201.35252380371094,201.46929931640625,200.81089782714844,199.56735229492188,198.19239807128906,196.9349365234375,195.8500213623047,194.326171875,192.73248291015625,191.3349609375,189.984130859375,189.1494598388672,188.63265991210938,188.1094207763672,187.62411499023438,187.2786865234375,187.04225158691406,186.6293182373047,187.0660858154297,190.52719116210938,201.62933349609375,220.04823303222656,220.760498046875,213.65957641601562,213.03607177734375,213.10467529296875,215.2351531982422,212.04698181152344,199.0221710205078,187.66429138183594,183.33131408691406,183.5521240234375,189.50599670410156,192.40367126464844,190.70718383789062,198.12432861328125,219.36192321777344,229.0378875732422,221.8159942626953,215.78170776367188,213.3493194580078,217.5148468017578,222.4925537109375,212.3539276123047,195.0100860595703,185.59571838378906,182.64283752441406,182.2129364013672,180.72036743164062,176.45846557617188,172.096923828125,170.37554931640625,173.00526428222656,184.5313262939453,198.1709747314453,196.3529052734375,193.7343292236328,199.71604919433594,214.5484161376953,221.2081298828125,217.2701416015625,206.25389099121094,196.0669403076172,192.7457275390625,190.51358032226562,183.43438720703125,174.19775390625,166.9818878173828,161.74981689453125,158.7767791748047,157.51718139648438,156.49716186523438,155.3972930908203,154.34664916992188,153.8726043701172,153.34747314453125,152.6741485595703,152.0990447998047,151.668701171875,151.23672485351562,150.8817901611328,150.4374237060547,150.0987091064453,150.5813751220703,152.67503356933594,154.31626892089844,153.47303771972656,152.24046325683594,151.5517120361328,151.35385131835938,151.26348876953125,150.1305694580078,147.98777770996094,145.975830078125,144.92637634277344,144.230224609375,143.75782775878906,143.49227905273438,143.3711395263672,143.20529174804688,142.76637268066406,142.2378387451172,141.9293975830078,141.97593688964844,141.95127868652344,141.56219482421875,141.3621063232422,141.81088256835938,143.81829833984375,148.46749877929688,152.69766235351562,158.16600036621094,167.6689453125,169.7337646484375,166.36471557617188,166.0337371826172,165.9381103515625,165.1282501220703,162.8477020263672,157.4119415283203,153.7603302001953,162.9738311767578,182.36647033691406,185.34585571289062,177.21812438964844,174.02664184570312,175.50283813476562,180.08847045898438,182.82089233398438,175.51351928710938,162.796142578125,154.61927795410156,151.5125732421875,150.90863037109375,151.01670837402344,150.885986328125,150.33023071289062,154.7074737548828,169.00201416015625,173.0315704345703,171.56658935546875,184.46824645996094,210.3782196044922,218.25070190429688,209.7347412109375,202.63670349121094,199.06748962402344,200.04383850097656,202.03146362304688,209.9993438720703,233.32864379882812,249.83087158203125,241.4365997314453,231.07339477539062,225.1575469970703,223.85719299316406,223.93202209472656,210.37554931640625,182.09669494628906,157.99195861816406,145.83798217773438,140.0187530517578,136.96600341796875,135.34580993652344,134.39596557617188,133.85211181640625,133.94857788085938,134.81900024414062,137.03857421875,139.43115234375,139.29139709472656,138.3553466796875,138.16136169433594,138.8157196044922,142.64549255371094,153.32754516601562,174.70977783203125,181.00289916992188,170.87510681152344,165.77235412597656,166.17453002929688,171.90829467773438,176.91494750976562,172.3883056640625,166.02134704589844,176.9774627685547,183.48696899414062,182.92332458496094,197.52755737304688,213.21327209472656,212.70860290527344,220.6893768310547,231.9521942138672,241.04075622558594,254.27064514160156,247.31536865234375,218.7943572998047,202.0833740234375,199.71827697753906,200.35020446777344,191.20553588867188,171.28256225585938,148.39703369140625,135.13551330566406,129.62161254882812,127.54773712158203,126.78006744384766,127.08979797363281,128.66891479492188,129.91165161132812,129.75,129.61862182617188,130.235595703125,130.8499755859375,130.96482849121094,130.66073608398438,129.57034301757812,128.76980590820312,130.54937744140625,139.02090454101562,160.83181762695312,189.04969787597656,206.9584503173828,207.56947326660156,209.57667541503906,213.3336944580078,215.47039794921875,217.79913330078125,215.38404846191406,205.56089782714844,193.64659118652344,178.86505126953125,171.0548553466797,170.13034057617188,169.0913543701172,164.92042541503906,156.9575958251953,146.41940307617188,135.90333557128906,131.59092712402344,129.43988037109375,127.31554412841797,126.00477600097656,125.75222778320312,126.33434295654297,127.09003448486328,126.67567443847656,124.252685546875,121.7645492553711,120.82698059082031,120.5952377319336,120.27598571777344,119.5284652709961,118.51182556152344,117.58395385742188,117.2857894897461,118.24740600585938,120.25117492675781,122.29963684082031,122.40188598632812,120.82268524169922,119.73271942138672,119.84265899658203,120.1938247680664,120.0470199584961,118.66934204101562,116.43659973144531,114.93333435058594,114.17644500732422,113.80683898925781,113.50496673583984,113.15534973144531,112.95518493652344,113.13740539550781,113.18458557128906,113.20538330078125,113.82327270507812,115.82115173339844,118.06958770751953,119.36693572998047,123.80804443359375,133.04653930664062,136.1699981689453,132.49041748046875,129.27642822265625,127.8160171508789,129.63902282714844,132.20086669921875,130.81805419921875,124.64531707763672,119.04309844970703,117.06765747070312,117.69822692871094,118.8440170288086,119.95716857910156,120.50505828857422,120.39962768554688,119.77085876464844,119.20420837402344,118.78604125976562,118.1238021850586,116.96149444580078,115.14170837402344,113.68562316894531,113.08329010009766,113.30638122558594,113.49442291259766,113.01209259033203,112.40477752685547,111.92501831054688,111.90125274658203,112.34835815429688,112.45418548583984,111.9355697631836,111.47894287109375,111.3887939453125,111.33535766601562,111.73225402832031,112.9181900024414,113.12518310546875,112.06132507324219,111.4483413696289,112.02960205078125,113.84647369384766,116.25116729736328,116.59001159667969,114.09619140625,111.49688720703125,110.47379302978516,111.097412109375,112.49691009521484,113.2582015991211,112.87703704833984,112.07536315917969,111.9221420288086,111.51411437988281,111.16214752197266,112.70484161376953,117.62124633789062,123.84539794921875,124.84138488769531,121.84428405761719,118.66700744628906,117.75547790527344,119.90662384033203,124.37897491455078,127.26266479492188,125.64733123779297,121.73065185546875,118.48143768310547,116.65929412841797,116.015380859375,115.74176025390625,115.34332275390625,114.76966094970703,114.54444122314453,115.13704681396484,114.61432647705078,112.40049743652344,110.18344116210938,109.184814453125,109.15335083007812,109.96786499023438,110.70064544677734,110.16270446777344,108.90679168701172,107.98555755615234,107.49748229980469,107.24336242675781,107.28519439697266,107.53862762451172,108.2604751586914,109.74797821044922,111.23306274414062,111.46043395996094,110.71578216552734,110.85620880126953,113.09369659423828,115.78035736083984,116.13697814941406,114.6455307006836,113.39061737060547,113.61896514892578,116.07170867919922,121.48001098632812,131.85694885253906,143.9150390625,142.64883422851562,130.59487915039062,123.94391632080078,124.00825500488281,128.25270080566406,135.8278350830078,139.2942352294922,134.02398681640625,125.4462890625,119.67188262939453,115.95220947265625,112.99458312988281,111.05717468261719,110.55915069580078,110.7898941040039,110.57820892333984,109.8318099975586,109.17447662353516,108.73723602294922,108.76750183105469,108.8709487915039,109.02236938476562,109.59266662597656,110.70929718017578,111.53507232666016,112.0194320678711,113.5464859008789,116.07576751708984,118.0213851928711,118.03231811523438,116.72135925292969,115.99869537353516,116.651611328125,117.94673156738281,118.84679412841797,118.33683776855469,116.46448516845703,114.68962860107422,113.90104675292969,113.40381622314453,112.34013366699219,111.0889892578125,110.5914306640625,110.71661376953125,111.2610855102539,111.71173095703125,111.8767318725586,111.9521255493164,113.07952880859375,114.93060302734375,115.63003540039062,114.88016510009766,114.04396057128906,113.9185791015625,115.64787292480469,119.57504272460938,122.0086441040039,120.77316284179688,118.33551788330078,116.53792572021484,115.93814086914062,117.4386215209961,119.30956268310547,119.01557922363281,116.7842788696289,114.39071655273438,113.13864135742188,113.43672943115234,114.71873474121094,116.77915954589844,119.7834701538086,122.97274780273438,122.47526550292969,118.79438018798828,115.9974136352539,115.75761413574219,118.114990234375,121.36637115478516,122.19387817382812,119.80120849609375,116.28598022460938,114.54430389404297,114.6572265625,114.55537414550781,113.68595886230469,112.53987884521484,112.05684661865234,113.1682357788086,116.02794647216797,119.98444366455078,124.41374969482422,128.51365661621094,130.12466430664062,129.1997833251953,129.93441772460938,133.37820434570312,135.82298278808594,136.68470764160156,135.10707092285156,131.0436248779297,127.40473937988281,126.14542388916016,125.32061767578125,123.18697357177734,120.50094604492188,118.14531707763672,116.19874572753906,115.21106719970703,115.7608871459961,116.92792510986328,117.593994140625,117.20767974853516,115.97898864746094,115.26680755615234,115.52609252929688,116.25729370117188,117.00698852539062,117.55645751953125,117.52458190917969,116.7481918334961,114.34391784667969,111.98194885253906,111.38127899169922,112.33525848388672,114.40584564208984,115.88204193115234,115.89244842529297,115.36079406738281,115.02831268310547,113.62354278564453,111.92720031738281,111.17047119140625,111.65625,112.98585510253906,113.73241424560547,113.09284973144531,112.10930633544922,111.18365478515625,110.64151000976562,110.33326721191406,109.9410629272461,109.82340240478516,110.36357116699219,111.41567993164062,112.29191589355469,112.17866516113281,111.36766815185547,110.73590087890625,110.71440887451172,111.14433288574219,111.40486907958984,111.13943481445312,110.07051086425781,109.21327209472656,109.34586334228516,109.6998519897461,109.79051208496094,108.32350158691406,106.83956146240234,106.4719467163086,106.98300170898438,108.15321350097656,109.4900894165039,109.18585968017578,108.1193618774414,106.50524139404297,105.19322204589844,105.04828643798828,105.67150115966797,106.4830322265625,106.81257629394531,106.26417541503906,105.56211853027344,105.13054656982422,105.31291198730469,105.73613739013672,106.33906555175781,106.42849731445312,105.88690948486328,105.32986450195312,105.3597640991211,106.5059814453125,108.54907989501953,111.10643005371094,112.99996948242188,111.51038360595703,107.79812622070312,105.6707992553711,106.43978881835938,109.18537139892578,111.95592498779297,112.18502044677734,110.52033233642578,108.90278625488281,108.35660552978516,108.0856704711914,107.21953582763672,104.93724060058594,103.34606170654297,104.32124328613281,106.21607208251953,107.38267517089844,106.57093811035156,104.53524780273438,102.60926818847656,101.37345123291016,101.00482940673828,100.77435302734375,100.0820083618164,99.73485565185547,99.35616302490234,99.12032318115234,99.1683120727539,98.95719146728516,98.33975982666016,98.05807495117188,98.1968994140625,98.29595947265625,97.98495483398438,97.88068389892578,97.8201675415039,98.081787109375,97.68999481201172,97.53744506835938,97.37664031982422,97.662353515625,98.02254486083984,98.30818176269531,98.97061920166016,99.13932037353516,98.25250244140625,97.57967376708984,98.01661682128906,98.89691162109375,100.7542495727539,102.47053527832031,102.59722137451172,100.28369140625,97.36112976074219,96.43246459960938,96.22809600830078,96.61543273925781,96.8408203125,97.06393432617188,97.05494689941406,95.75917053222656,94.18060302734375,93.54322052001953,92.74597930908203,93.50093841552734,94.96011352539062,96.33928680419922,97.0746078491211,96.8295669555664,97.86421966552734,97.2332534790039,95.68743133544922,96.60070037841797,98.1630859375,98.83023834228516,98.65547180175781,98.88685607910156,99.78697967529297,102.41495513916016,104.33251953125,106.21414184570312,108.18619537353516,109.00732421875,108.49284362792969,108.79876708984375,111.591796875,115.0120849609375,119.4826431274414,118.33997344970703,118.99124908447266,117.78911590576172,116.92591857910156,118.98664855957031,123.18780517578125,125.76390838623047,66.37149047851562
